160 485
160 486
160 487
160 488
160 489
160 490
160 491
161 484
161 485
161 486
161 487
161 488
161 489
161 490
161 491
162 484
162 485
163 483
163 484
163 485
164 451
164 474
164 475
164 476
164 477
164 478
164 479
164 480
164 481
164 482
164 483
164 484
165 448
165 449
165 450
165 451
165 474
165 475
165 476
165 477
165 478
165 479
165 480
165 481
165 482
165 483
166 444
166 445
166 446
166 447
166 448
166 449
166 450
166 474
166 475
166 476
166 477
166 478
166 479
166 480
166 481
166 482
166 483
166 506
166 507
167 443
167 444
167 445
167 446
167 447
167 448
167 449
167 450
167 474
167 475
167 476
167 477
167 478
167 479
167 480
167 481
167 482
167 483
167 506
167 507
167 508
168 443
168 444
168 445
168 446
168 447
168 448
168 449
168 450
168 474
168 475
168 476
168 477
168 478
168 479
168 480
168 481
168 482
168 505
168 506
168 507
168 508
168 509
168 510
169 443
169 444
169 445
169 446
169 447
169 448
169 449
169 450
169 474
169 475
169 476
169 477
169 478
169 479
169 480
169 481
169 482
169 505
169 506
169 507
169 508
169 509
169 510
169 511
170 443
170 444
170 445
170 446
170 447
170 448
170 449
170 450
170 474
170 475
170 476
170 477
170 478
170 479
170 480
170 481
170 482
170 505
170 506
170 507
170 508
170 509
170 510
170 511
170 512
170 513
171 443
171 444
171 445
171 446
171 447
171 448
171 449
171 450
171 474
171 475
171 476
171 477
171 478
171 479
171 480
171 481
171 482
171 505
171 506
171 507
171 508
171 509
171 510
171 511
171 512
172 442
172 443
172 444
172 445
172 446
172 447
172 448
172 474
172 475
172 476
172 477
172 478
172 479
172 480
172 481
172 505
172 506
172 507
173 446
173 447
173 480
173 505
173 506
173 507
174 211
174 212
174 213
174 214
174 215
174 216
174 217
174 218
174 219
174 227
174 433
174 434
174 435
174 436
174 437
174 438
174 439
174 440
174 441
174 465
174 466
174 467
174 468
174 469
174 470
174 471
174 472
174 495
174 496
174 497
174 498
174 499
174 500
174 501
174 502
174 503
175 211
175 212
175 213
175 214
175 215
175 216
175 217
175 218
175 219
175 220
175 432
175 433
175 434
175 435
175 436
175 437
175 438
175 439
175 440
175 464
175 465
175 466
175 467
175 468
175 469
175 470
175 471
175 472
175 495
175 496
175 497
175 498
175 499
175 500
175 501
175 502
175 503
176 188
176 189
176 211
176 212
176 213
176 214
176 215
176 216
176 217
176 218
176 219
176 220
176 243
176 244
176 245
176 246
176 247
176 248
176 249
176 250
176 432
176 433
176 434
176 435
176 436
176 437
176 438
176 439
176 440
176 464
176 465
176 466
176 467
176 468
176 469
176 470
176 471
176 472
176 495
176 496
176 497
176 498
176 499
176 500
176 501
176 502
176 503
177 186
177 187
177 211
177 212
177 213
177 214
177 215
177 216
177 217
177 218
177 219
177 220
177 243
177 244
177 245
177 246
177 247
177 248
177 249
177 250
177 432
177 433
177 434
177 435
177 436
177 437
177 438
177 439
177 440
177 464
177 465
177 466
177 467
177 468
177 469
177 470
177 471
177 472
177 495
177 496
177 497
177 498
177 499
177 500
177 501
177 502
177 503
178 183
178 184
178 185
178 186
178 187
178 211
178 212
178 213
178 214
178 215
178 216
178 217
178 218
178 219
178 220
178 243
178 244
178 245
178 246
178 247
178 248
178 249
178 250
178 432
178 433
178 434
178 435
178 436
178 437
178 438
178 439
178 464
178 465
178 466
178 467
178 468
178 469
178 470
178 471
178 472
178 495
178 496
178 497
178 498
178 499
178 500
178 501
178 502
178 503
179 182
179 183
179 184
179 185
179 186
179 187
179 211
179 212
179 213
179 214
179 215
179 216
179 217
179 218
179 219
179 220
179 243
179 244
179 245
179 246
179 247
179 248
179 249
179 250
179 432
179 433
179 434
179 435
179 436
179 437
179 438
179 439
179 464
179 465
179 466
179 467
179 468
179 469
179 470
179 471
179 472
179 495
179 496
179 497
179 498
179 499
179 500
179 501
179 502
179 503
179 526
180 180
180 181
180 182
180 183
180 184
180 185
180 186
180 187
180 211
180 212
180 213
180 214
180 215
180 216
180 217
180 218
180 219
180 220
180 221
180 243
180 244
180 245
180 246
180 247
180 248
180 249
180 250
180 432
180 433
180 434
180 435
180 436
180 437
180 438
180 439
180 463
180 464
180 465
180 466
180 467
180 468
180 469
180 470
180 471
180 495
180 496
180 497
180 498
180 499
180 500
180 501
180 502
180 503
180 526
180 527
181 180
181 181
181 182
181 183
181 184
181 185
181 186
181 187
181 211
181 212
181 213
181 214
181 215
181 216
181 217
181 218
181 219
181 242
181 243
181 244
181 245
181 246
181 247
181 248
181 249
181 250
181 432
181 433
181 434
181 435
181 436
181 437
181 438
181 439
181 463
181 464
181 465
181 466
181 467
181 468
181 469
181 470
181 471
181 495
181 496
181 497
181 498
181 499
181 500
181 501
181 502
181 526
181 527
181 528
181 529
182 179
182 180
182 181
182 182
182 183
182 184
182 185
182 186
182 187
182 211
182 212
182 213
182 214
182 215
182 216
182 217
182 218
182 242
182 243
182 244
182 245
182 246
182 247
182 248
182 249
182 432
182 433
182 434
182 435
182 436
182 437
182 438
182 463
182 464
182 465
182 466
182 467
182 468
182 469
182 470
182 495
182 496
182 497
182 498
182 499
182 500
182 501
182 526
182 527
182 528
182 529
182 530
183 211
183 212
183 213
183 217
183 242
183 243
183 244
183 245
183 432
183 433
183 468
183 469
183 494
183 495
183 496
183 497
183 498
183 499
183 500
184 177
184 210
184 211
184 241
184 242
184 243
184 270
184 271
184 272
184 425
184 426
184 427
184 428
184 429
184 430
184 431
184 489
184 490
184 491
184 492
184 493
184 522
184 523
184 524
184 525
185 171
185 172
185 173
185 174
185 175
185 176
185 177
185 201
185 202
185 203
185 204
185 205
185 206
185 207
185 208
185 209
185 210
185 211
185 232
185 233
185 234
185 235
185 236
185 237
185 238
185 239
185 240
185 241
185 242
185 263
185 264
185 265
185 266
185 267
185 268
185 269
185 270
185 271
185 272
185 421
185 422
185 423
185 424
185 425
185 426
185 427
185 428
185 429
185 430
185 453
185 454
185 455
185 456
185 457
185 458
185 459
185 460
185 461
185 491
185 492
185 493
185 516
185 517
185 518
185 519
185 520
185 521
185 522
185 523
185 524
185 525
186 169
186 170
186 171
186 172
186 173
186 174
186 175
186 176
186 177
186 201
186 202
186 203
186 204
186 205
186 206
186 207
186 208
186 209
186 232
186 233
186 234
186 235
186 236
186 237
186 238
186 239
186 240
186 241
186 242
186 263
186 264
186 265
186 266
186 267
186 268
186 269
186 270
186 271
186 272
186 421
186 422
186 423
186 424
186 425
186 426
186 427
186 428
186 429
186 430
186 453
186 454
186 455
186 456
186 457
186 458
186 459
186 460
186 493
186 516
186 517
186 518
186 519
186 520
186 521
186 522
186 523
186 524
186 525
187 169
187 170
187 171
187 172
187 173
187 174
187 175
187 176
187 177
187 201
187 202
187 203
187 204
187 205
187 206
187 207
187 208
187 209
187 232
187 233
187 234
187 235
187 236
187 237
187 238
187 239
187 240
187 241
187 263
187 264
187 265
187 266
187 267
187 268
187 269
187 270
187 271
187 272
187 421
187 422
187 423
187 424
187 425
187 426
187 427
187 428
187 429
187 430
187 453
187 454
187 455
187 456
187 457
187 458
187 516
187 517
187 518
187 519
187 520
187 521
187 522
187 523
187 524
187 525
188 169
188 170
188 171
188 172
188 173
188 174
188 175
188 176
188 177
188 200
188 201
188 202
188 203
188 204
188 205
188 206
188 207
188 208
188 209
188 232
188 233
188 234
188 235
188 236
188 237
188 238
188 239
188 240
188 241
188 263
188 264
188 265
188 266
188 267
188 268
188 269
188 270
188 271
188 272
188 422
188 423
188 424
188 425
188 426
188 427
188 428
188 429
188 430
188 453
188 454
188 516
188 517
188 518
188 519
188 520
188 521
188 522
188 523
188 524
188 525
188 526
189 169
189 170
189 171
189 172
189 173
189 174
189 175
189 176
189 177
189 200
189 201
189 202
189 203
189 204
189 205
189 206
189 207
189 208
189 209
189 232
189 233
189 234
189 235
189 236
189 237
189 238
189 239
189 240
189 241
189 263
189 264
189 265
189 266
189 267
189 268
189 269
189 270
189 271
189 422
189 423
189 424
189 425
189 426
189 427
189 428
189 429
189 430
189 516
189 517
189 518
189 519
189 520
189 521
189 522
189 523
189 524
189 525
190 169
190 170
190 171
190 172
190 173
190 174
190 175
190 176
190 177
190 200
190 201
190 202
190 203
190 204
190 205
190 206
190 207
190 208
190 209
190 232
190 233
190 234
190 235
190 236
190 237
190 238
190 239
190 240
190 241
190 242
190 263
190 264
190 265
190 266
190 267
190 268
190 269
190 270
190 271
190 422
190 423
190 424
190 425
190 426
190 427
190 428
190 429
190 430
190 516
190 517
190 518
190 519
190 520
190 521
190 522
190 523
190 524
190 525
191 169
191 170
191 171
191 172
191 173
191 174
191 175
191 176
191 177
191 200
191 201
191 202
191 203
191 204
191 205
191 206
191 207
191 208
191 209
191 232
191 233
191 234
191 235
191 236
191 237
191 238
191 239
191 240
191 241
191 242
191 263
191 264
191 265
191 266
191 267
191 268
191 269
191 270
191 271
191 422
191 423
191 424
191 425
191 426
191 427
191 428
191 429
191 430
191 516
191 517
191 518
191 519
191 520
191 521
191 522
191 523
192 169
192 170
192 171
192 172
192 173
192 174
192 175
192 176
192 177
192 200
192 201
192 202
192 203
192 204
192 205
192 206
192 207
192 208
192 232
192 233
192 234
192 235
192 236
192 237
192 238
192 239
192 263
192 264
192 265
192 266
192 267
192 268
192 269
192 270
192 422
192 423
192 424
192 425
192 426
192 427
192 428
192 429
192 516
192 517
192 518
192 519
192 520
192 521
192 522
192 523
193 169
193 170
193 171
193 200
193 201
193 202
193 203
193 204
193 232
193 233
193 234
193 235
193 236
193 237
193 238
193 239
193 263
193 264
193 265
193 269
193 421
193 422
193 423
193 424
193 425
193 426
193 427
193 428
193 516
193 517
193 518
193 519
193 523
194 263
195 161
195 162
195 163
195 164
195 165
195 166
195 190
195 191
195 192
195 193
195 194
195 195
195 196
195 197
195 198
195 221
195 222
195 223
195 224
195 225
195 226
195 227
195 228
195 229
195 230
195 253
195 254
195 255
195 256
195 257
195 258
195 259
195 260
195 261
195 262
195 285
195 286
195 287
195 288
195 289
195 411
195 412
195 413
195 414
195 415
195 416
195 417
195 418
195 419
195 420
195 508
195 512
195 513
195 514
195 515
195 537
195 538
195 539
195 540
195 541
195 542
196 159
196 160
196 161
196 162
196 163
196 164
196 165
196 166
196 190
196 191
196 192
196 193
196 194
196 195
196 196
196 197
196 198
196 221
196 222
196 223
196 224
196 225
196 226
196 227
196 228
196 229
196 230
196 253
196 254
196 255
196 256
196 257
196 258
196 259
196 260
196 261
196 262
196 285
196 286
196 287
196 288
196 289
196 290
196 291
196 411
196 412
196 413
196 414
196 415
196 416
196 417
196 418
196 419
196 420
196 510
196 511
196 512
196 513
196 514
196 537
196 538
196 539
196 540
196 541
196 542
196 543
197 159
197 160
197 161
197 162
197 163
197 164
197 165
197 166
197 190
197 191
197 192
197 193
197 194
197 195
197 196
197 197
197 198
197 221
197 222
197 223
197 224
197 225
197 226
197 227
197 228
197 229
197 230
197 253
197 254
197 255
197 256
197 257
197 258
197 259
197 260
197 261
197 285
197 286
197 287
197 288
197 289
197 290
197 291
197 411
197 412
197 413
197 414
197 415
197 416
197 417
197 418
197 419
197 420
197 511
197 512
197 513
197 514
197 537
197 538
197 539
197 540
197 541
197 542
197 543
198 159
198 160
198 161
198 162
198 163
198 164
198 165
198 166
198 190
198 191
198 192
198 193
198 194
198 195
198 196
198 197
198 198
198 253
198 254
198 255
198 256
198 257
198 258
198 259
198 260
198 261
198 285
198 286
198 287
198 288
198 289
198 290
198 291
198 292
198 293
198 411
198 412
198 413
198 414
198 415
198 416
198 417
198 418
198 419
198 420
198 512
198 513
198 514
198 537
198 538
198 539
198 540
198 541
198 542
198 543
198 544
199 158
199 159
199 160
199 161
199 162
199 163
199 164
199 165
199 166
199 167
199 190
199 191
199 192
199 193
199 194
199 195
199 196
199 253
199 254
199 255
199 256
199 257
199 258
199 259
199 260
199 261
199 285
199 286
199 287
199 288
199 289
199 290
199 291
199 292
199 411
199 412
199 413
199 414
199 415
199 416
199 417
199 418
199 419
199 420
199 513
199 514
199 537
199 538
199 539
199 540
199 541
199 542
199 543
199 544
199 545
200 158
200 159
200 160
200 161
200 162
200 163
200 164
200 165
200 166
200 167
200 173
200 190
200 191
200 192
200 193
200 253
200 254
200 255
200 256
200 257
200 258
200 259
200 260
200 261
200 285
200 286
200 287
200 288
200 289
200 290
200 291
200 292
200 411
200 412
200 413
200 414
200 415
200 416
200 417
200 418
200 419
200 420
200 537
200 538
200 539
200 540
200 541
200 542
200 543
200 544
200 545
201 158
201 159
201 160
201 161
201 162
201 163
201 164
201 165
201 166
201 167
201 173
201 190
201 191
201 253
201 254
201 255
201 256
201 257
201 258
201 259
201 260
201 261
201 262
201 285
201 286
201 287
201 288
201 289
201 290
201 291
201 292
201 410
201 411
201 412
201 413
201 414
201 415
201 416
201 417
201 418
201 419
201 420
201 537
201 538
201 539
201 540
201 541
201 542
201 543
201 544
201 545
202 158
202 159
202 160
202 161
202 162
202 163
202 164
202 165
202 166
202 167
202 254
202 255
202 256
202 257
202 258
202 259
202 260
202 285
202 286
202 287
202 288
202 289
202 290
202 410
202 411
202 412
202 413
202 414
202 415
202 416
202 417
202 418
202 537
202 538
202 539
202 540
202 541
202 542
202 543
202 544
202 545
203 158
203 159
203 160
203 161
203 162
203 163
203 164
203 165
203 256
203 257
203 258
203 259
203 260
203 285
203 286
203 287
203 410
203 411
203 412
203 413
203 414
203 415
203 416
203 417
203 537
203 538
203 539
203 540
203 541
203 542
203 543
203 544
204 158
204 159
204 160
204 161
204 162
204 260
204 414
204 415
204 416
204 417
204 537
204 538
204 539
204 540
205 158
205 159
205 408
205 536
205 537
206 149
206 150
206 151
206 152
206 153
206 154
206 155
206 156
206 157
206 158
206 159
206 180
206 181
206 182
206 274
206 275
206 276
206 277
206 278
206 279
206 280
206 281
206 400
206 401
206 402
206 403
206 404
206 405
206 406
206 407
206 527
206 528
206 529
206 530
206 531
206 532
206 533
206 534
206 535
206 536
207 148
207 149
207 150
207 151
207 152
207 153
207 154
207 155
207 156
207 157
207 158
207 180
207 274
207 275
207 276
207 277
207 278
207 279
207 280
207 281
207 282
207 400
207 401
207 402
207 403
207 404
207 405
207 406
207 407
207 526
207 527
207 528
207 529
207 530
207 531
207 532
207 533
207 534
207 535
208 148
208 149
208 150
208 151
208 152
208 153
208 154
208 155
208 156
208 157
208 158
208 274
208 275
208 276
208 277
208 278
208 279
208 280
208 281
208 282
208 400
208 401
208 402
208 403
208 404
208 405
208 406
208 407
208 526
208 527
208 528
208 529
208 530
208 531
208 532
208 533
208 534
208 535
209 148
209 149
209 150
209 151
209 152
209 153
209 154
209 155
209 156
209 157
209 274
209 275
209 276
209 277
209 278
209 279
209 280
209 281
209 282
209 400
209 401
209 402
209 403
209 404
209 405
209 406
209 407
209 408
209 526
209 527
209 528
209 529
209 530
209 531
209 532
209 533
209 534
209 535
210 148
210 149
210 150
210 151
210 152
210 153
210 154
210 155
210 156
210 274
210 275
210 276
210 277
210 278
210 279
210 280
210 281
210 282
210 305
210 400
210 401
210 402
210 403
210 404
210 405
210 406
210 407
210 527
210 528
210 529
210 530
210 531
210 532
210 533
210 534
210 535
211 148
211 149
211 150
211 151
211 152
211 153
211 154
211 155
211 156
211 274
211 275
211 276
211 277
211 278
211 279
211 280
211 281
211 282
211 400
211 401
211 402
211 403
211 404
211 405
211 406
211 407
211 527
211 528
211 529
211 530
211 531
211 532
211 533
211 534
211 535
212 148
212 149
212 150
212 151
212 152
212 153
212 154
212 155
212 156
212 274
212 275
212 276
212 277
212 278
212 279
212 280
212 281
212 282
212 306
212 400
212 401
212 402
212 403
212 404
212 405
212 406
212 407
212 527
212 528
212 529
212 530
212 531
212 532
212 533
212 534
213 148
213 149
213 150
213 151
213 152
213 153
213 154
213 155
213 156
213 274
213 275
213 276
213 277
213 278
213 279
213 280
213 281
213 306
213 307
213 400
213 401
213 402
213 403
213 404
213 405
213 406
213 526
213 527
213 528
213 529
213 530
213 531
213 532
213 533
214 147
214 148
214 149
214 150
214 151
214 152
214 153
214 154
214 155
214 275
214 276
214 277
214 278
214 279
214 280
214 308
214 400
214 401
214 402
214 403
214 404
214 405
214 406
214 527
214 531
215 147
215 154
215 399
215 400
215 401
215 402
215 403
216 138
216 139
216 140
216 141
216 142
216 143
216 144
216 145
216 146
216 295
216 296
216 297
216 298
216 299
216 300
216 301
216 302
216 391
216 392
216 393
216 394
216 395
216 396
216 397
216 398
216 548
216 549
216 550
216 551
216 552
216 553
216 554
217 137
217 138
217 139
217 140
217 141
217 142
217 143
217 144
217 145
217 146
217 295
217 296
217 297
217 298
217 299
217 300
217 301
217 302
217 390
217 391
217 392
217 393
217 394
217 395
217 396
217 397
217 398
217 548
217 549
217 550
217 551
217 552
217 553
217 554
218 137
218 138
218 139
218 140
218 141
218 142
218 143
218 144
218 145
218 146
218 295
218 296
218 297
218 298
218 299
218 300
218 301
218 302
218 303
218 390
218 391
218 392
218 393
218 394
218 395
218 396
218 397
218 398
218 548
218 549
218 550
218 551
218 552
218 553
218 554
219 137
219 138
219 139
219 140
219 141
219 142
219 143
219 144
219 145
219 146
219 295
219 296
219 297
219 298
219 299
219 300
219 301
219 302
219 303
219 390
219 391
219 392
219 393
219 394
219 395
219 396
219 397
219 548
219 549
219 550
219 551
219 552
219 553
219 554
219 555
220 137
220 138
220 139
220 140
220 141
220 142
220 143
220 144
220 145
220 146
220 295
220 296
220 297
220 298
220 299
220 300
220 301
220 302
220 303
220 390
220 391
220 392
220 393
220 394
220 395
220 396
220 397
220 548
220 549
220 550
220 551
220 552
220 553
220 554
220 555
221 137
221 138
221 139
221 140
221 141
221 142
221 143
221 144
221 145
221 146
221 295
221 296
221 297
221 298
221 299
221 300
221 301
221 302
221 303
221 390
221 391
221 392
221 393
221 394
221 395
221 396
221 397
221 548
221 549
221 550
221 551
221 552
221 553
221 554
221 555
222 137
222 138
222 139
222 140
222 141
222 142
222 143
222 144
222 145
222 295
222 296
222 297
222 298
222 299
222 300
222 301
222 302
222 303
222 390
222 391
222 392
222 393
222 394
222 395
222 396
222 397
222 548
222 549
222 550
222 551
222 552
222 553
222 554
222 555
223 137
223 138
223 139
223 140
223 141
223 142
223 143
223 144
223 145
223 295
223 296
223 297
223 298
223 299
223 300
223 301
223 302
223 390
223 391
223 392
223 393
223 394
223 395
223 396
223 397
223 548
223 549
223 550
223 551
223 552
223 553
223 554
223 555
224 137
224 138
224 139
224 140
224 141
224 142
224 143
224 144
224 295
224 296
224 300
224 301
224 390
224 391
224 392
224 393
224 394
224 395
224 396
224 551
224 552
224 553
224 554
225 137
225 138
225 139
225 140
225 141
225 142
225 143
225 144
225 389
225 390
226 140
226 141
226 142
226 143
226 293
226 389
227 127
227 128
227 129
227 130
227 131
227 132
227 133
227 134
227 135
227 136
227 288
227 289
227 290
227 291
227 292
227 293
227 316
227 317
227 379
227 380
227 381
227 382
227 383
227 384
227 385
227 386
227 387
227 388
227 389
227 537
227 538
227 539
227 540
227 541
227 542
227 543
227 544
228 127
228 128
228 129
228 130
228 131
228 132
228 133
228 134
228 135
228 136
228 289
228 290
228 291
228 292
228 293
228 316
228 317
228 318
228 379
228 380
228 381
228 382
228 383
228 384
228 385
228 386
228 387
228 388
228 389
228 537
228 538
228 539
228 540
228 541
228 542
228 543
228 544
228 545
229 127
229 128
229 129
229 130
229 131
229 132
229 133
229 134
229 135
229 290
229 291
229 292
229 293
229 316
229 317
229 318
229 319
229 379
229 380
229 381
229 382
229 383
229 384
229 385
229 386
229 387
229 388
229 389
229 537
229 538
229 539
229 540
229 541
229 542
229 543
229 544
229 545
230 127
230 128
230 129
230 130
230 131
230 132
230 133
230 134
230 135
230 290
230 291
230 292
230 293
230 316
230 317
230 318
230 319
230 379
230 380
230 381
230 382
230 383
230 384
230 385
230 386
230 387
230 388
230 389
230 537
230 538
230 539
230 540
230 541
230 542
230 543
230 544
230 545
231 127
231 128
231 129
231 130
231 131
231 132
231 133
231 134
231 135
231 291
231 292
231 293
231 316
231 317
231 318
231 319
231 320
231 379
231 380
231 381
231 382
231 383
231 384
231 385
231 386
231 387
231 388
231 389
231 537
231 538
231 539
231 540
231 541
231 542
231 543
231 544
231 545
232 127
232 128
232 129
232 130
232 131
232 132
232 133
232 134
232 135
232 136
232 292
232 293
232 316
232 317
232 318
232 319
232 320
232 321
232 379
232 380
232 381
232 382
232 383
232 384
232 385
232 386
232 387
232 388
232 537
232 538
232 539
232 540
232 541
232 542
232 543
232 544
232 545
233 127
233 128
233 129
233 130
233 131
233 132
233 133
233 134
233 135
233 316
233 317
233 318
233 319
233 320
233 321
233 379
233 380
233 381
233 382
233 383
233 384
233 385
233 386
233 387
233 537
233 538
233 539
233 540
233 541
233 542
233 543
233 544
233 545
234 127
234 128
234 129
234 130
234 131
234 132
234 133
234 134
234 135
234 316
234 317
234 318
234 319
234 320
234 321
234 322
234 379
234 380
234 381
234 382
234 383
234 384
234 385
234 386
234 387
234 537
234 538
234 539
234 540
234 541
234 542
234 543
234 544
235 127
235 128
235 129
235 130
235 131
235 132
235 133
235 134
235 316
235 317
235 318
235 319
235 320
235 321
235 379
235 380
235 381
235 382
235 383
235 384
235 385
235 386
235 537
235 538
235 539
235 540
235 541
235 542
235 543
236 126
236 127
236 128
236 129
236 130
236 131
236 132
236 133
236 315
236 316
236 317
236 318
236 319
236 320
236 321
236 537
236 538
236 539
236 543
237 120
237 121
237 122
237 123
237 124
237 125
237 126
237 148
237 306
237 307
237 308
237 309
237 310
237 311
237 312
237 313
237 314
237 318
237 319
237 369
237 370
237 371
237 372
237 373
237 374
237 375
237 376
237 535
237 558
237 559
238 117
238 118
238 119
238 120
238 121
238 122
238 123
238 124
238 125
238 305
238 306
238 307
238 308
238 309
238 310
238 311
238 312
238 313
238 314
238 368
238 369
238 370
238 371
238 372
238 373
238 374
238 375
238 376
238 558
238 559
239 117
239 118
239 119
239 120
239 121
239 122
239 123
239 124
239 125
239 305
239 306
239 307
239 308
239 309
239 310
239 311
239 312
239 313
239 314
239 368
239 369
239 370
239 371
239 372
239 373
239 374
239 375
239 376
239 558
239 559
240 117
240 118
240 119
240 120
240 121
240 122
240 123
240 124
240 125
240 305
240 306
240 307
240 308
240 309
240 310
240 311
240 312
240 313
240 368
240 369
240 370
240 371
240 372
240 373
240 374
240 375
240 376
240 377
240 558
240 559
241 117
241 118
241 119
241 120
241 121
241 122
241 123
241 124
241 125
241 305
241 306
241 307
241 308
241 309
241 310
241 311
241 312
241 313
241 368
241 369
241 370
241 371
241 372
241 373
241 374
241 375
241 376
241 377
241 558
241 559
242 117
242 118
242 119
242 120
242 121
242 122
242 123
242 124
242 125
242 305
242 306
242 307
242 308
242 309
242 310
242 311
242 312
242 313
242 368
242 369
242 370
242 371
242 372
242 373
242 374
242 375
242 376
242 377
242 384
242 558
242 559
242 560
243 116
243 117
243 118
243 119
243 120
243 121
243 122
243 123
243 124
243 125
243 305
243 306
243 307
243 308
243 309
243 310
243 311
243 312
243 313
243 314
243 368
243 369
243 370
243 371
243 372
243 373
243 374
243 375
243 376
243 377
243 383
243 384
243 558
243 559
243 560
244 116
244 117
244 118
244 119
244 120
244 121
244 122
244 123
244 124
244 305
244 306
244 307
244 308
244 309
244 310
244 311
244 312
244 313
244 368
244 369
244 370
244 371
244 372
244 373
244 374
244 375
244 376
244 558
244 559
244 560
244 561
245 116
245 117
245 118
245 119
245 120
245 121
245 122
245 123
245 305
245 306
245 307
245 308
245 309
245 310
245 311
245 312
245 368
245 369
245 370
245 371
245 372
245 373
245 374
245 558
245 559
245 560
245 561
246 116
246 117
246 121
246 122
246 557
246 558
247 302
247 326
247 548
247 549
247 550
247 551
248 110
248 111
248 112
248 113
248 114
248 138
248 139
248 326
248 327
248 328
248 329
248 330
248 361
248 362
248 363
248 364
248 365
248 366
248 389
248 548
248 549
248 550
248 551
248 552
248 553
248 554
248 555
248 556
249 109
249 110
249 111
249 112
249 113
249 114
249 137
249 138
249 326
249 327
249 328
249 329
249 330
249 331
249 361
249 362
249 363
249 364
249 365
249 366
249 548
249 549
249 550
249 551
249 552
249 553
249 554
249 555
249 556
250 108
250 109
250 110
250 111
250 112
250 113
250 114
250 137
250 326
250 327
250 328
250 329
250 330
250 331
250 360
250 361
250 362
250 363
250 364
250 365
250 366
250 548
250 549
250 550
250 551
250 552
250 553
250 554
250 555
250 556
251 108
251 109
251 110
251 111
251 112
251 113
251 114
251 326
251 327
251 328
251 329
251 330
251 331
251 360
251 361
251 362
251 363
251 364
251 365
251 366
251 548
251 549
251 550
251 551
251 552
251 553
251 554
251 555
251 556
252 107
252 108
252 109
252 110
252 111
252 112
252 113
252 114
252 326
252 327
252 328
252 329
252 330
252 331
252 332
252 359
252 360
252 361
252 362
252 363
252 364
252 365
252 366
252 548
252 549
252 550
252 551
252 552
252 553
252 554
252 555
252 556
253 106
253 107
253 108
253 109
253 110
253 111
253 112
253 113
253 326
253 327
253 328
253 329
253 330
253 331
253 332
253 333
253 358
253 359
253 360
253 361
253 362
253 363
253 364
253 365
253 366
253 548
253 549
253 550
253 551
253 552
253 553
253 554
253 555
253 556
253 557
254 106
254 107
254 108
254 109
254 110
254 111
254 112
254 113
254 326
254 327
254 328
254 329
254 330
254 331
254 332
254 333
254 358
254 359
254 360
254 361
254 362
254 363
254 364
254 365
254 366
254 548
254 549
254 550
254 551
254 552
254 553
254 554
254 555
254 556
255 106
255 107
255 108
255 109
255 110
255 111
255 112
255 113
255 326
255 327
255 328
255 329
255 330
255 331
255 332
255 333
255 358
255 359
255 360
255 361
255 362
255 363
255 364
255 365
255 547
255 548
255 549
255 550
255 551
255 552
255 553
255 554
255 555
255 556
256 106
256 110
256 111
256 112
256 328
256 329
256 330
256 331
256 332
256 360
256 364
256 547
256 548
256 549
256 550
256 551
256 552
256 553
256 554
257 546
257 547
257 553
257 554
258 316
258 317
258 318
258 319
258 320
258 321
258 322
258 323
258 324
258 379
258 380
258 381
258 382
258 383
258 540
258 541
258 542
258 543
258 544
258 545
258 546
258 554
259 103
259 127
259 128
259 129
259 130
259 316
259 317
259 318
259 319
259 320
259 321
259 322
259 323
259 324
259 355
259 379
259 380
259 381
259 382
259 540
259 541
259 542
259 543
259 544
259 545
259 546
260 102
260 103
260 127
260 128
260 129
260 316
260 317
260 318
260 319
260 320
260 321
260 322
260 323
260 324
260 355
260 379
260 380
260 381
260 540
260 541
260 542
260 543
260 544
260 545
260 546
261 102
261 103
261 127
261 128
261 129
261 316
261 317
261 318
261 319
261 320
261 321
261 322
261 323
261 324
261 354
261 355
261 356
261 379
261 380
261 381
261 541
261 542
261 543
261 544
261 545
261 546
262 101
262 102
262 103
262 127
262 128
262 316
262 317
262 318
262 319
262 320
262 321
262 322
262 323
262 324
262 354
262 355
262 356
262 379
262 380
262 541
262 542
262 543
262 544
262 545
262 546
263 101
263 102
263 103
263 104
263 127
263 316
263 317
263 318
263 319
263 320
263 321
263 322
263 323
263 324
263 353
263 354
263 355
263 356
263 379
263 380
263 542
263 543
263 544
263 545
263 546
264 100
264 101
264 102
264 103
264 104
264 127
264 316
264 317
264 318
264 319
264 320
264 321
264 322
264 323
264 324
264 352
264 353
264 354
264 355
264 356
264 379
264 542
264 543
264 544
265 100
265 101
265 102
265 103
265 316
265 317
265 318
265 319
265 320
265 321
265 322
265 323
265 324
265 352
265 353
265 354
265 355
265 379
265 542
265 543
265 544
266 100
266 101
266 102
266 103
266 316
266 317
266 318
266 319
266 320
266 321
266 322
266 352
266 353
266 354
266 542
266 543
267 99
267 100
267 101
267 102
267 315
267 316
267 317
267 318
267 319
267 320
267 351
267 352
267 353
267 354
268 98
268 99
268 100
268 101
268 102
268 314
268 315
268 352
268 353
268 368
268 369
268 377
269 116
269 117
269 118
269 119
269 120
269 121
269 122
269 123
269 314
269 315
269 337
269 338
269 339
269 368
269 369
269 370
269 371
269 372
269 373
269 374
269 375
269 376
269 558
269 559
269 560
269 561
269 562
269 563
269 564
270 117
270 118
270 119
270 120
270 121
270 122
270 123
270 315
270 337
270 338
270 339
270 368
270 369
270 370
270 371
270 372
270 373
270 374
270 375
270 376
270 558
270 559
270 560
270 561
270 562
270 563
270 564
270 565
271 117
271 118
271 119
271 120
271 121
271 122
271 123
271 315
271 316
271 337
271 338
271 339
271 368
271 369
271 370
271 371
271 372
271 373
271 374
271 375
271 558
271 559
271 560
271 561
271 562
271 563
271 564
271 565
271 566
272 117
272 118
272 119
272 120
272 121
272 122
272 337
272 338
272 339
272 340
272 368
272 369
272 370
272 371
272 372
272 373
272 374
272 375
272 558
272 559
272 560
272 561
272 562
272 563
272 564
272 565
272 566
273 116
273 117
273 118
273 119
273 120
273 121
273 122
273 337
273 338
273 339
273 340
273 368
273 369
273 370
273 371
273 372
273 373
273 374
273 558
273 559
273 560
273 561
273 562
273 563
273 564
273 565
273 566
274 116
274 117
274 118
274 119
274 120
274 121
274 337
274 338
274 339
274 340
274 368
274 369
274 370
274 371
274 372
274 373
274 374
274 558
274 559
274 560
274 561
274 562
274 563
274 564
274 565
274 566
274 567
275 116
275 117
275 118
275 119
275 120
275 121
275 337
275 338
275 339
275 340
275 341
275 368
275 369
275 370
275 371
275 372
275 373
275 558
275 559
275 560
275 561
275 562
275 563
275 564
275 565
275 566
275 567
276 116
276 117
276 118
276 119
276 120
276 121
276 337
276 338
276 339
276 340
276 341
276 368
276 369
276 370
276 371
276 372
276 373
276 558
276 559
276 560
276 561
276 562
276 563
276 564
276 565
276 566
277 116
277 117
277 118
277 119
277 120
277 341
277 368
277 369
277 370
277 371
277 372
277 558
277 559
277 560
277 561
277 562
277 563
277 564
277 565
278 558
278 562
278 563
279 114
279 327
279 328
279 329
279 330
279 331
279 332
279 333
279 334
279 361
279 362
279 363
279 364
279 365
279 366
279 550
279 551
279 556
279 557
280 106
280 107
280 108
280 109
280 110
280 111
280 112
280 113
280 114
280 327
280 328
280 329
280 330
280 331
280 332
280 333
280 334
280 358
280 359
280 360
280 361
280 362
280 363
280 364
280 365
280 366
280 548
280 549
280 550
280 551
280 552
280 553
280 554
280 555
280 556
281 106
281 107
281 108
281 109
281 110
281 111
281 112
281 113
281 114
281 327
281 328
281 329
281 330
281 331
281 332
281 333
281 334
281 358
281 359
281 360
281 361
281 362
281 363
281 364
281 365
281 366
281 548
281 549
281 550
281 551
281 552
281 553
281 554
281 555
281 556
282 106
282 107
282 108
282 109
282 110
282 111
282 112
282 113
282 114
282 327
282 328
282 329
282 330
282 331
282 332
282 333
282 334
282 358
282 359
282 360
282 361
282 362
282 363
282 364
282 365
282 366
282 548
282 549
282 550
282 551
282 552
282 553
282 554
282 555
282 556
283 106
283 107
283 108
283 109
283 110
283 111
283 112
283 113
283 114
283 327
283 328
283 329
283 330
283 331
283 332
283 333
283 334
283 335
283 358
283 359
283 360
283 361
283 362
283 363
283 364
283 365
283 366
283 367
283 548
283 549
283 550
283 551
283 552
283 553
283 554
283 555
283 556
283 557
284 106
284 107
284 108
284 109
284 110
284 111
284 112
284 113
284 114
284 327
284 328
284 329
284 330
284 331
284 332
284 333
284 334
284 335
284 358
284 359
284 360
284 361
284 362
284 363
284 364
284 365
284 366
284 367
284 548
284 549
284 550
284 551
284 552
284 553
284 554
284 555
284 556
285 106
285 107
285 108
285 109
285 110
285 111
285 112
285 113
285 114
285 327
285 328
285 329
285 330
285 331
285 332
285 333
285 334
285 358
285 359
285 360
285 361
285 362
285 363
285 364
285 365
285 548
285 549
285 550
285 551
285 552
285 553
285 554
285 555
285 556
286 106
286 107
286 108
286 109
286 110
286 111
286 112
286 113
286 114
286 327
286 328
286 329
286 330
286 331
286 332
286 358
286 359
286 360
286 361
286 362
286 363
286 364
286 365
286 548
286 549
286 550
286 551
286 552
286 553
286 554
286 555
286 556
287 106
287 107
287 108
287 109
287 110
287 111
287 112
287 113
287 327
287 328
287 329
287 330
287 331
287 332
287 358
287 359
287 360
287 361
287 362
287 363
287 364
287 548
287 549
287 550
287 551
287 552
287 553
287 554
287 555
288 112
288 113
288 547
288 548
288 552
288 553
288 554
289 350
289 552
289 553
289 554
290 96
290 97
290 98
290 99
290 100
290 101
290 102
290 103
290 347
290 348
290 349
290 350
290 351
290 352
290 353
290 354
290 355
290 553
290 569
290 570
290 571
291 95
291 96
291 97
291 98
291 99
291 100
291 101
291 102
291 103
291 347
291 348
291 349
291 350
291 351
291 352
291 353
291 354
291 355
291 569
291 570
291 571
292 95
292 96
292 97
292 98
292 99
292 100
292 101
292 102
292 103
292 347
292 348
292 349
292 350
292 351
292 352
292 353
292 354
292 355
292 569
292 570
292 571
293 95
293 96
293 97
293 98
293 99
293 100
293 101
293 102
293 103
293 347
293 348
293 349
293 350
293 351
293 352
293 353
293 354
293 355
293 356
293 569
293 570
293 571
294 95
294 96
294 97
294 98
294 99
294 100
294 101
294 102
294 103
294 347
294 348
294 349
294 350
294 351
294 352
294 353
294 354
294 355
294 356
294 569
294 570
294 571
294 572
295 95
295 96
295 97
295 98
295 99
295 100
295 101
295 102
295 103
295 104
295 347
295 348
295 349
295 350
295 351
295 352
295 353
295 354
295 355
295 356
295 569
295 570
295 571
295 572
296 95
296 96
296 97
296 98
296 99
296 100
296 101
296 102
296 103
296 347
296 348
296 349
296 350
296 351
296 352
296 353
296 354
296 355
296 356
296 569
296 570
296 571
296 572
297 95
297 96
297 97
297 98
297 99
297 100
297 101
297 102
297 347
297 348
297 349
297 350
297 351
297 352
297 353
297 354
297 355
297 568
297 569
297 570
297 571
297 572
298 95
298 96
298 97
298 98
298 99
298 100
298 101
298 102
298 347
298 348
298 349
298 350
298 351
298 352
298 568
298 569
298 570
298 571
298 572
299 347
300 91
300 92
300 93
300 337
300 338
300 339
300 340
300 341
300 342
300 343
300 344
300 345
300 346
300 562
300 563
300 564
300 565
300 566
300 567
301 88
301 89
301 90
301 91
301 92
301 93
301 337
301 338
301 339
301 340
301 341
301 342
301 343
301 344
301 345
301 558
301 559
301 560
301 561
301 562
301 563
301 564
301 565
301 566
301 567
302 88
302 89
302 90
302 91
302 92
302 93
302 337
302 338
302 339
302 340
302 341
302 342
302 343
302 344
302 345
302 558
302 559
302 560
302 561
302 562
302 563
302 564
302 565
302 566
302 567
303 88
303 89
303 90
303 91
303 92
303 93
303 337
303 338
303 339
303 340
303 341
303 342
303 343
303 344
303 345
303 558
303 559
303 560
303 561
303 562
303 563
303 564
303 565
303 566
303 567
303 568
304 88
304 89
304 90
304 91
304 92
304 93
304 337
304 338
304 339
304 340
304 341
304 342
304 343
304 344
304 345
304 558
304 559
304 560
304 561
304 562
304 563
304 564
304 565
304 566
304 567
304 568
305 88
305 89
305 90
305 91
305 92
305 93
305 337
305 338
305 339
305 340
305 341
305 342
305 343
305 344
305 345
305 558
305 559
305 560
305 561
305 562
305 563
305 564
305 565
305 566
306 88
306 89
306 90
306 91
306 92
306 93
306 337
306 338
306 339
306 340
306 341
306 342
306 343
306 344
306 345
306 558
306 559
306 560
306 561
306 562
306 563
306 564
306 565
306 566
307 88
307 89
307 90
307 91
307 92
307 93
307 337
307 338
307 339
307 340
307 341
307 342
307 343
307 344
307 345
307 558
307 559
307 560
307 561
307 562
307 563
307 564
307 565
308 87
308 88
308 89
308 90
308 91
308 92
308 337
308 338
308 339
308 340
308 341
308 342
308 343
308 344
308 558
308 559
308 560
308 561
308 562
308 563
308 564
308 565
309 88
309 89
309 90
309 91
309 337
309 338
309 339
309 340
309 341
309 342
309 343
309 558
309 559
309 560
309 561
309 562
309 563
309 564
310 88
310 89
310 90
310 91
310 336
310 337
310 341
311 106
311 107
311 108
311 109
311 110
311 111
311 328
311 329
311 330
311 331
311 332
311 333
311 334
311 335
311 550
311 551
311 552
311 553
311 554
311 555
312 106
312 107
312 108
312 109
312 110
312 328
312 329
312 330
312 331
312 332
312 333
312 334
312 550
312 551
312 552
312 553
312 554
312 555
313 106
313 107
313 108
313 109
313 110
313 327
313 328
313 329
313 330
313 331
313 332
313 333
313 334
313 550
313 551
313 552
313 553
313 554
313 555
314 106
314 107
314 108
314 109
314 110
314 327
314 328
314 329
314 330
314 331
314 332
314 333
314 334
314 550
314 551
314 552
314 553
314 554
314 555
315 106
315 107
315 108
315 109
315 110
315 326
315 327
315 328
315 329
315 330
315 331
315 332
315 333
315 334
315 335
315 550
315 551
315 552
315 553
315 554
315 555
316 106
316 107
316 108
316 109
316 110
316 326
316 327
316 328
316 329
316 330
316 331
316 332
316 333
316 334
316 335
316 550
316 551
316 552
316 553
316 554
316 555
317 106
317 107
317 108
317 109
317 326
317 327
317 328
317 329
317 330
317 331
317 332
317 333
317 334
317 335
317 550
317 551
317 552
317 553
317 554
317 555
318 106
318 107
318 108
318 109
318 326
318 327
318 328
318 329
318 330
318 331
318 332
318 333
318 334
318 550
318 551
318 552
318 553
318 554
318 555
318 556
319 107
319 108
319 109
319 326
319 327
319 328
319 329
319 330
319 331
319 332
319 550
319 551
319 552
319 553
319 554
320 326
320 553
320 554
321 323
321 324
321 347
321 348
321 349
321 553
321 568
321 569
321 570
321 571
321 572
321 573
322 95
322 96
322 97
322 98
322 99
322 100
322 101
322 102
322 103
322 322
322 323
322 324
322 348
322 349
322 568
322 569
322 570
322 571
322 572
322 573
323 95
323 96
323 97
323 98
323 99
323 100
323 101
323 102
323 103
323 322
323 323
323 324
323 348
323 568
323 569
323 570
323 571
323 572
323 573
324 95
324 96
324 97
324 98
324 99
324 100
324 101
324 102
324 103
324 321
324 322
324 323
324 324
324 348
324 568
324 569
324 570
324 571
324 572
324 573
325 95
325 96
325 97
325 98
325 99
325 100
325 101
325 102
325 103
325 320
325 321
325 322
325 323
325 324
325 568
325 569
325 570
325 571
325 572
325 573
326 95
326 96
326 97
326 98
326 99
326 100
326 101
326 102
326 103
326 320
326 321
326 322
326 323
326 324
326 347
326 568
326 569
326 570
326 571
326 572
326 573
327 95
327 96
327 97
327 98
327 99
327 100
327 101
327 102
327 103
327 320
327 321
327 322
327 323
327 568
327 569
327 570
327 571
327 572
327 573
328 95
328 96
328 97
328 98
328 99
328 100
328 101
328 102
328 103
328 104
328 320
328 321
328 322
328 323
328 568
328 569
328 570
328 571
328 572
328 573
329 95
329 96
329 97
329 98
329 99
329 100
329 101
329 102
329 103
329 319
329 320
329 321
329 568
329 569
329 570
329 571
329 572
329 573
330 95
330 96
330 97
330 98
330 99
330 100
330 101
330 102
330 318
330 319
330 568
330 569
330 570
330 571
330 572
330 573
331 97
331 567
331 568
331 569
331 570
331 571
331 572
331 573
332 85
332 86
332 87
332 88
332 89
332 90
332 91
332 92
332 93
332 337
332 338
332 339
332 340
332 341
332 342
332 343
332 558
332 559
332 560
332 561
332 562
332 563
332 564
332 565
332 566
332 567
332 571
332 572
333 85
333 86
333 87
333 88
333 89
333 90
333 91
333 92
333 93
333 337
333 338
333 339
333 340
333 341
333 342
333 343
333 558
333 559
333 560
333 561
333 562
333 563
333 564
333 565
333 566
333 567
334 85
334 86
334 87
334 88
334 89
334 90
334 91
334 92
334 93
334 337
334 338
334 339
334 340
334 341
334 342
334 343
334 558
334 559
334 560
334 561
334 562
334 563
334 564
334 565
334 566
335 85
335 86
335 87
335 88
335 89
335 90
335 91
335 92
335 93
335 337
335 338
335 339
335 340
335 341
335 342
335 558
335 559
335 560
335 561
335 562
335 563
335 564
335 565
335 566
336 85
336 86
336 87
336 88
336 89
336 90
336 91
336 92
336 93
336 337
336 338
336 339
336 340
336 341
336 558
336 559
336 560
336 561
336 562
336 563
336 564
336 565
337 85
337 86
337 87
337 88
337 89
337 90
337 91
337 92
337 93
337 337
337 338
337 339
337 340
337 341
337 558
337 559
337 560
337 561
337 562
337 563
337 564
337 565
338 85
338 86
338 87
338 88
338 89
338 90
338 91
338 92
338 93
338 94
338 337
338 338
338 339
338 340
338 341
338 558
338 559
338 560
338 561
338 562
338 563
338 564
338 565
339 85
339 86
339 87
339 88
339 89
339 90
339 91
339 92
339 93
339 337
339 338
339 339
339 340
339 558
339 559
339 560
339 561
339 562
339 563
339 564
339 565
340 85
340 86
340 87
340 88
340 89
340 90
340 91
340 92
340 337
340 338
340 339
340 558
340 559
340 560
340 561
340 562
340 563
340 564
340 565
341 339
341 557
341 558
341 559
341 560
342 326
342 327
342 328
342 329
342 330
342 331
342 332
342 333
342 334
342 335
342 549
342 550
342 551
342 552
342 553
342 554
342 555
342 556
342 557
342 558
342 559
342 560
343 106
343 107
343 108
343 109
343 326
343 327
343 328
343 329
343 330
343 331
343 332
343 333
343 334
343 549
343 550
343 551
343 552
343 553
343 554
343 555
343 556
343 557
344 106
344 107
344 108
344 109
344 326
344 327
344 328
344 329
344 330
344 331
344 332
344 333
344 334
344 549
344 550
344 551
344 552
344 553
344 554
344 555
344 556
344 557
345 106
345 107
345 108
345 109
345 327
345 328
345 329
345 330
345 331
345 332
345 333
345 334
345 549
345 550
345 551
345 552
345 553
345 554
345 555
345 556
346 106
346 107
346 108
346 109
346 327
346 328
346 329
346 330
346 331
346 332
346 333
346 549
346 550
346 551
346 552
346 553
346 554
346 555
347 106
347 107
347 108
347 109
347 327
347 328
347 329
347 330
347 331
347 549
347 550
347 551
347 552
347 553
347 554
347 555
348 106
348 107
348 108
348 109
348 549
348 550
348 551
348 552
348 553
348 554
348 555
349 106
349 107
349 108
349 109
349 549
349 550
349 551
349 552
349 553
349 554
349 555
350 106
350 107
350 108
350 109
350 549
350 550
350 551
350 552
350 553
350 554
350 555
351 106
351 107
351 108
351 109
351 549
351 553
351 554
351 555
352 105
352 106
352 107
352 108
352 553
352 554
353 96
353 97
353 98
353 99
353 100
353 101
353 102
353 103
353 104
353 105
353 106
353 107
353 554
353 569
353 570
353 571
353 572
354 96
354 97
354 98
354 99
354 100
354 101
354 102
354 103
354 104
354 105
354 106
354 107
354 554
354 569
354 570
354 571
354 572
355 96
355 97
355 98
355 99
355 100
355 101
355 102
355 103
355 104
355 105
355 569
355 570
355 571
355 572
356 96
356 97
356 98
356 99
356 100
356 101
356 102
356 103
356 104
356 105
356 569
356 570
356 571
356 572
357 96
357 97
357 98
357 99
357 100
357 101
357 102
357 103
357 104
357 105
357 569
357 570
357 571
357 572
358 95
358 96
358 97
358 98
358 99
358 100
358 101
358 102
358 103
358 104
358 105
358 106
358 569
358 570
358 571
358 572
359 95
359 96
359 97
359 98
359 99
359 100
359 101
359 102
359 103
359 104
359 569
359 570
359 571
359 572
360 95
360 96
360 97
360 98
360 99
360 100
360 101
360 102
360 103
360 104
360 569
360 570
360 571
360 572
361 95
361 96
361 97
361 98
361 99
361 100
361 101
361 102
361 103
361 568
361 569
362 95
362 96
362 97
362 98
362 99
362 100
362 101
362 102
363 94
363 98
363 99
363 100
363 101
363 558
363 559
363 560
363 561
363 562
363 563
363 564
363 565
363 566
364 86
364 87
364 88
364 89
364 90
364 91
364 92
364 93
364 94
364 558
364 559
364 560
364 561
364 562
364 563
364 564
364 565
364 566
365 86
365 87
365 88
365 89
365 90
365 91
365 92
365 93
365 94
365 558
365 559
365 560
365 561
365 562
365 563
365 564
365 565
365 566
366 86
366 87
366 88
366 89
366 90
366 91
366 92
366 93
366 558
366 559
366 560
366 561
366 562
366 563
366 564
366 565
366 566
367 86
367 87
367 88
367 89
367 90
367 91
367 92
367 93
367 558
367 559
367 560
367 561
367 562
367 563
367 564
367 565
367 566
367 567
368 86
368 87
368 88
368 89
368 90
368 91
368 92
368 93
368 558
368 559
368 560
368 561
368 562
368 563
368 564
368 565
368 566
368 567
369 86
369 87
369 88
369 89
369 90
369 91
369 92
369 93
369 558
369 559
369 560
369 561
369 562
369 563
369 564
369 565
369 566
369 567
369 568
370 86
370 87
370 88
370 89
370 90
370 91
370 92
370 93
370 558
370 559
370 560
370 561
370 562
370 563
370 564
370 565
370 566
370 567
370 568
371 86
371 87
371 88
371 89
371 90
371 91
371 92
371 558
371 559
371 560
371 561
371 562
371 563
371 564
371 565
372 87
372 558
372 559
372 560
372 561
372 562
373 558
373 559
373 560
373 561
373 562
374 106
374 107
374 108
374 109
374 110
374 111
374 548
374 549
374 550
374 551
374 552
374 553
374 554
374 555
374 556
374 557
374 558
374 559
374 560
375 106
375 107
375 108
375 109
375 110
375 111
375 548
375 549
375 550
375 551
375 552
375 553
375 554
375 555
375 556
375 557
375 558
376 106
376 107
376 108
376 109
376 110
376 111
376 548
376 549
376 550
376 551
376 552
376 553
376 554
376 555
376 556
376 557
377 106
377 107
377 108
377 109
377 110
377 111
377 548
377 549
377 550
377 551
377 552
377 553
377 554
377 555
377 556
377 557
378 106
378 107
378 108
378 109
378 110
378 111
378 548
378 549
378 550
378 551
378 552
378 553
378 554
378 555
378 556
378 557
379 106
379 107
379 108
379 109
379 110
379 111
379 548
379 549
379 550
379 551
379 552
379 553
379 554
379 555
379 556
380 106
380 107
380 108
380 109
380 110
380 111
380 112
380 548
380 549
380 550
380 551
380 552
380 553
380 554
380 555
380 556
381 106
381 107
381 108
381 109
381 110
381 111
381 112
381 113
381 548
381 549
381 550
381 551
381 552
381 553
381 554
381 555
382 105
382 106
382 107
382 108
382 109
382 110
382 111
382 112
382 113
382 547
382 548
382 549
382 550
382 551
382 552
382 553
382 554
383 105
383 106
383 107
383 108
383 109
383 110
384 104
384 105
384 106
385 96
385 97
385 98
385 99
385 100
385 101
385 102
385 103
385 104
385 105
385 106
385 569
386 95
386 96
386 97
386 98
386 99
386 100
386 101
386 102
386 103
386 104
386 105
386 106
386 569
387 95
387 96
387 97
387 98
387 99
387 100
387 101
387 102
387 103
387 104
387 105
387 106
387 568
387 569
388 95
388 96
388 97
388 98
388 99
388 100
388 101
388 102
388 103
388 104
388 105
388 106
388 545
388 569
389 95
389 96
389 97
389 98
389 99
389 100
389 101
389 102
389 103
389 104
389 105
389 545
389 569
390 95
390 96
390 97
390 98
390 99
390 100
390 101
390 102
390 103
390 104
390 544
390 545
390 569
391 95
391 96
391 97
391 98
391 99
391 100
391 101
391 102
391 103
391 104
391 544
391 545
392 95
392 96
392 97
392 98
392 99
392 100
392 101
392 102
392 103
392 544
392 545
393 95
394 95
395 92
395 93
395 94
395 95
395 117
395 558
395 559
395 560
395 561
395 562
395 563
395 564
395 565
395 566
396 93
396 94
396 116
396 117
396 558
396 559
396 560
396 561
396 562
396 563
396 564
396 565
396 566
397 94
397 116
397 117
397 118
397 558
397 559
397 560
397 561
397 562
397 563
397 564
397 565
397 566
398 94
398 116
398 117
398 118
398 558
398 559
398 560
398 561
398 562
398 563
398 564
398 565
398 566
399 117
399 118
399 119
399 558
399 559
399 560
399 561
399 562
399 563
399 564
399 565
399 566
400 117
400 118
400 119
400 558
400 559
400 560
400 561
400 562
400 563
400 564
400 565
400 566
401 117
401 118
401 119
401 120
401 558
401 559
401 560
401 561
401 562
401 563
401 564
401 565
401 566
402 116
402 117
402 118
402 119
402 120
402 121
402 558
402 559
402 560
402 561
402 562
402 563
402 564
402 565
402 566
403 116
403 117
403 118
403 119
403 120
403 121
403 558
403 559
403 560
403 561
403 562
403 563
403 564
403 565
404 120
404 121
404 558
404 559
404 560
404 561
404 562
405 558
405 559
405 560
405 561
405 562
406 107
406 108
406 109
406 110
406 111
406 112
406 113
406 114
406 548
406 549
406 550
406 551
406 552
406 553
406 554
406 555
406 556
406 557
406 558
406 559
406 560
407 106
407 107
407 108
407 109
407 110
407 111
407 112
407 113
407 114
407 548
407 549
407 550
407 551
407 552
407 553
407 554
407 555
407 556
407 557
407 558
408 106
408 107
408 108
408 109
408 110
408 111
408 112
408 113
408 114
408 548
408 549
408 550
408 551
408 552
408 553
408 554
408 555
408 556
408 557
409 106
409 107
409 108
409 109
409 110
409 111
409 112
409 113
409 548
409 549
409 550
409 551
409 552
409 553
409 554
409 555
409 556
409 557
410 106
410 107
410 108
410 109
410 110
410 111
410 112
410 113
410 548
410 549
410 550
410 551
410 552
410 553
410 554
410 555
410 556
410 557
411 106
411 107
411 108
411 109
411 110
411 111
411 112
411 113
411 548
411 549
411 550
411 551
411 552
411 553
411 554
411 555
411 556
412 106
412 107
412 108
412 109
412 110
412 111
412 112
412 113
412 548
412 549
412 550
412 551
412 552
412 553
412 554
412 555
412 556
413 106
413 107
413 108
413 109
413 110
413 111
413 112
413 548
413 549
413 550
413 551
413 552
413 553
413 554
413 555
413 556
414 106
414 107
414 108
414 109
414 547
414 548
414 549
414 550
414 551
414 552
414 553
414 554
415 105
415 106
415 107
415 108
415 553
416 102
416 103
416 104
416 105
416 127
416 128
416 537
416 538
416 539
416 540
417 102
417 103
417 104
417 105
417 127
417 128
417 129
417 537
417 538
417 539
417 540
417 541
417 542
417 543
417 544
417 545
418 102
418 103
418 104
418 105
418 127
418 128
418 129
418 537
418 538
418 539
418 540
418 541
418 542
418 543
418 544
418 545
419 103
419 104
419 105
419 106
419 127
419 128
419 129
419 130
419 537
419 538
419 539
419 540
419 541
419 542
419 543
419 544
419 545
420 104
420 105
420 106
420 127
420 128
420 129
420 130
420 131
420 537
420 538
420 539
420 540
420 541
420 542
420 543
420 544
420 545
421 104
421 105
421 127
421 128
421 129
421 130
421 131
421 537
421 538
421 539
421 540
421 541
421 542
421 543
421 544
421 545
422 104
422 105
422 127
422 128
422 129
422 130
422 131
422 132
422 537
422 538
422 539
422 540
422 541
422 542
422 543
422 544
422 545
423 127
423 128
423 129
423 130
423 131
423 132
423 133
423 537
423 538
423 539
423 540
423 541
423 542
423 543
423 544
423 545
424 127
424 128
424 129
424 130
424 131
424 132
424 133
424 537
424 538
424 539
424 540
424 541
424 542
424 543
424 544
424 545
425 127
425 128
425 129
425 130
425 131
425 132
425 133
425 536
425 537
425 538
425 539
425 540
425 541
425 542
425 543
425 544
426 126
426 535
426 539
426 540
426 541
426 542
426 543
426 544
427 116
427 117
427 118
427 119
427 120
427 121
427 122
427 123
427 124
427 125
427 126
427 532
427 533
427 534
427 535
427 543
428 116
428 117
428 118
428 119
428 120
428 121
428 122
428 123
428 124
428 125
428 531
428 532
428 533
428 534
428 535
429 116
429 117
429 118
429 119
429 120
429 121
429 122
429 123
429 124
429 530
429 531
429 532
429 533
429 534
429 535
430 116
430 117
430 118
430 119
430 120
430 121
430 122
430 123
430 124
430 530
430 531
430 532
430 533
430 534
430 535
431 117
431 118
431 119
431 120
431 121
431 122
431 123
431 124
431 530
431 531
431 532
431 533
431 534
431 535
432 117
432 118
432 119
432 120
432 121
432 122
432 123
432 124
432 530
432 531
432 532
432 533
432 534
432 535
433 117
433 118
433 119
433 120
433 121
433 122
433 123
433 124
433 529
433 530
433 531
433 532
433 533
433 534
433 535
434 117
434 118
434 119
434 120
434 121
434 122
434 123
434 528
434 529
434 530
434 531
434 532
434 533
434 534
435 117
435 118
435 122
435 528
435 529
435 530
435 531
435 532
435 533
435 534
436 528
436 529
436 530
436 531
436 532
436 533
437 138
437 139
437 140
437 141
437 142
437 143
437 548
437 549
437 550
437 551
437 552
437 553
438 138
438 139
438 140
438 141
438 142
438 143
438 144
438 548
438 549
438 550
438 551
438 552
439 138
439 139
439 140
439 141
439 142
439 143
439 144
439 145
439 548
439 549
439 550
439 551
439 552
440 138
440 139
440 140
440 141
440 142
440 143
440 144
440 145
440 146
440 548
440 549
440 550
440 551
441 138
441 139
441 140
441 141
441 142
441 143
441 144
441 145
441 146
441 548
441 549
441 550
441 551
442 138
442 139
442 140
442 141
442 142
442 143
442 144
442 145
442 146
442 548
442 549
442 550
442 551
443 137
443 138
443 139
443 140
443 141
443 142
443 143
443 144
443 145
443 525
443 548
443 549
443 550
444 137
444 138
444 139
444 140
444 141
444 142
444 143
444 144
444 145
444 525
444 548
444 549
444 550
445 137
445 138
445 139
445 140
445 141
445 142
445 143
445 144
445 524
445 548
445 549
446 137
446 138
446 139
446 140
446 141
446 142
446 143
446 547
446 548
446 549
447 546
447 547
448 127
448 128
448 129
448 130
448 131
448 132
448 133
448 134
448 135
448 537
448 538
448 539
448 540
448 541
448 542
448 543
448 544
448 545
449 127
449 128
449 129
449 130
449 131
449 132
449 133
449 134
449 135
449 537
449 538
449 539
449 540
449 541
449 542
449 543
449 544
449 545
450 127
450 128
450 129
450 130
450 131
450 132
450 133
450 134
450 135
450 537
450 538
450 539
450 540
450 541
450 542
450 543
450 544
450 545
451 127
451 128
451 129
451 130
451 131
451 132
451 133
451 134
451 135
451 537
451 538
451 539
451 540
451 541
451 542
451 543
451 544
451 545
452 127
452 128
452 129
452 130
452 131
452 132
452 133
452 134
452 135
452 537
452 538
452 539
452 540
452 541
452 542
452 543
452 544
452 545
453 127
453 128
453 129
453 130
453 131
453 132
453 133
453 134
453 135
453 158
453 537
453 538
453 539
453 540
453 541
453 542
453 543
453 544
453 545
454 127
454 128
454 129
454 130
454 131
454 132
454 133
454 134
454 159
454 537
454 538
454 539
454 540
454 541
454 542
454 543
454 544
454 545
455 128
455 129
455 130
455 131
455 132
455 133
455 134
455 159
455 160
455 537
455 538
455 539
455 540
455 541
455 542
455 543
455 544
455 545
456 128
456 129
456 130
456 131
456 132
456 133
456 537
456 538
456 539
456 540
456 541
456 542
456 543
456 544
458 148
458 149
458 150
458 151
458 152
458 153
458 534
459 148
459 149
459 150
459 151
459 152
459 153
459 154
459 155
459 527
459 528
459 529
459 530
459 531
459 532
459 533
459 534
460 148
460 149
460 150
460 151
460 152
460 153
460 154
460 155
460 156
460 527
460 528
460 529
460 530
460 531
460 532
460 533
460 534
460 535
461 148
461 149
461 150
461 151
461 152
461 153
461 154
461 155
461 156
461 527
461 528
461 529
461 530
461 531
461 532
461 533
461 534
461 535
462 148
462 149
462 150
462 151
462 152
462 153
462 154
462 155
462 156
462 527
462 528
462 529
462 530
462 531
462 532
462 533
462 534
462 535
463 148
463 149
463 150
463 151
463 152
463 153
463 154
463 155
463 156
463 527
463 528
463 529
463 530
463 531
463 532
463 533
463 534
463 535
463 536
464 148
464 149
464 150
464 151
464 152
464 153
464 154
464 155
464 156
464 526
464 527
464 528
464 529
464 530
464 531
464 532
464 533
464 534
464 535
465 148
465 149
465 150
465 151
465 152
465 153
465 154
465 155
465 526
465 527
465 528
465 529
465 530
465 531
465 532
465 533
465 534
465 535
466 147
466 148
466 149
466 150
466 151
466 152
466 153
466 154
466 526
466 527
466 528
466 529
466 530
466 531
466 532
467 147
467 148
467 149
467 150
467 151
467 152
468 146
468 147
468 148
468 149
468 525
469 141
469 142
469 143
469 144
469 145
469 146
469 147
469 148
469 169
469 170
469 171
469 172
469 173
469 174
469 175
469 176
469 517
469 518
469 519
469 520
469 521
469 522
469 523
469 524
469 525
470 142
470 143
470 144
470 145
470 146
470 147
470 148
470 169
470 170
470 171
470 172
470 173
470 174
470 175
470 176
470 177
470 516
470 517
470 518
470 519
470 520
470 521
470 522
470 523
470 524
470 525
471 143
471 144
471 145
471 146
471 147
471 148
471 169
471 170
471 171
471 172
471 173
471 174
471 175
471 176
471 177
471 516
471 517
471 518
471 519
471 520
471 521
471 522
471 523
471 524
471 525
471 526
472 144
472 145
472 146
472 147
472 148
472 169
472 170
472 171
472 172
472 173
472 174
472 175
472 176
472 177
472 516
472 517
472 518
472 519
472 520
472 521
472 522
472 523
472 524
472 525
473 145
473 146
473 147
473 148
473 169
473 170
473 171
473 172
473 173
473 174
473 175
473 176
473 177
473 516
473 517
473 518
473 519
473 520
473 521
473 522
473 523
473 524
473 525
474 146
474 147
474 169
474 170
474 171
474 172
474 173
474 174
474 175
474 176
474 177
474 516
474 517
474 518
474 519
474 520
474 521
474 522
474 523
474 524
474 525
475 169
475 170
475 171
475 172
475 173
475 174
475 175
475 176
475 177
475 517
475 518
475 519
475 520
475 521
475 522
475 523
475 524
475 525
476 169
476 170
476 171
476 172
476 173
476 174
476 175
476 517
476 518
476 519
476 520
476 521
476 522
476 523
476 524
477 169
477 170
477 518
477 519
477 520
477 521
477 522
478 521
478 522
479 158
479 159
479 160
479 161
479 162
479 163
479 164
479 165
479 166
479 521
480 158
480 159
480 160
480 161
480 162
480 163
480 164
480 165
480 166
480 190
480 510
480 511
480 512
480 513
481 158
481 159
481 160
481 161
481 162
481 163
481 164
481 165
481 166
481 190
481 191
481 510
481 511
481 512
481 513
481 514
482 158
482 159
482 160
482 161
482 162
482 163
482 164
482 165
482 166
482 190
482 191
482 192
482 510
482 511
482 512
482 513
482 514
483 158
483 159
483 160
483 161
483 162
483 163
483 164
483 165
483 166
483 190
483 191
483 192
483 193
483 509
483 510
483 511
483 512
483 513
483 514
484 158
484 159
484 160
484 161
484 162
484 163
484 164
484 165
484 166
484 190
484 191
484 192
484 193
484 194
484 509
484 510
484 511
484 512
484 513
484 514
485 159
485 160
485 161
485 162
485 163
485 164
485 165
485 190
485 191
485 192
485 193
485 194
485 195
485 196
485 508
485 509
485 510
485 511
485 512
485 513
485 514
486 160
486 161
486 162
486 163
486 164
486 165
486 190
486 191
486 192
486 193
486 194
486 195
486 196
486 197
486 508
486 509
486 510
486 511
486 512
486 513
486 514
487 161
487 162
487 163
487 164
487 190
487 191
487 192
487 193
487 194
487 195
487 196
487 507
487 508
487 509
487 510
487 511
487 512
487 513
488 190
488 191
488 192
488 193
488 194
488 195
488 509
488 510
488 511
488 512
490 179
490 180
490 181
490 182
490 183
490 184
490 185
490 186
490 187
490 526
490 527
490 528
490 529
490 530
490 531
491 179
491 180
491 181
491 182
491 183
491 184
491 185
491 186
491 187
491 526
491 527
491 528
491 529
491 530
491 531
492 179
492 180
492 181
492 182
492 183
492 184
492 185
492 186
492 187
492 188
492 526
492 527
492 528
492 529
492 530
492 531
493 179
493 180
493 181
493 182
493 183
493 184
493 185
493 186
493 187
493 188
493 526
493 527
493 528
493 529
493 530
494 179
494 180
494 181
494 182
494 183
494 184
494 185
494 186
494 187
494 188
494 527
494 528
494 529
495 179
495 180
495 181
495 182
495 183
495 184
495 185
495 186
495 187
495 188
495 527
495 528
495 529
496 179
496 180
496 181
496 182
496 183
496 184
496 185
496 186
496 187
496 188
496 503
496 527
496 528
496 529
497 179
497 180
497 181
497 182
497 183
497 184
497 185
497 186
497 187
497 188
497 211
497 503
497 527
497 528
497 529
498 179
498 180
498 181
498 182
498 183
498 184
498 185
498 186
498 187
498 211
498 212
498 502
498 527
498 528
499 210
499 211
500 177
500 178
500 200
500 201
500 202
500 203
500 204
500 205
500 206
500 207
500 208
500 209
500 210
500 516
500 517
500 518
500 519
501 178
501 200
501 201
501 202
501 203
501 204
501 205
501 206
501 207
501 208
501 209
501 516
501 517
501 518
501 519
501 520
501 521
501 522
501 523
502 200
502 201
502 202
502 203
502 204
502 205
502 206
502 207
502 208
502 209
502 516
502 517
502 518
502 519
502 520
502 521
502 522
502 523
503 200
503 201
503 202
503 203
503 204
503 205
503 206
503 207
503 208
503 209
503 516
503 517
503 518
503 519
503 520
503 521
503 522
503 523
504 200
504 201
504 202
504 203
504 204
504 205
504 206
504 207
504 208
504 209
504 516
504 517
504 518
504 519
504 520
504 521
504 522
504 523
505 200
505 201
505 202
505 203
505 204
505 205
505 206
505 207
505 208
505 516
505 517
505 518
505 519
505 520
505 521
505 522
505 523
506 200
506 201
506 202
506 203
506 204
506 205
506 206
506 207
506 516
506 517
506 518
506 519
506 520
506 521
506 522
506 523
507 200
507 201
507 202
507 203
507 204
507 205
507 206
507 207
507 516
507 517
507 518
507 519
507 520
507 521
507 522
507 523
508 200
508 201
508 202
508 203
508 204
508 205
508 206
508 207
508 516
508 517
508 518
508 519
508 520
508 521
508 522
508 523
509 200
509 201
509 202
509 203
509 204
509 205
509 206
509 207
509 516
509 517
509 518
509 519
509 520
509 521
509 522
510 200
510 201
510 202
510 203
510 207
510 514
510 515
510 516
510 517
510 518
510 519
510 520
510 521
510 522
511 190
511 191
511 192
511 193
511 194
511 195
511 196
511 197
511 198
511 199
511 222
511 223
511 224
511 225
511 226
511 227
511 228
511 506
511 507
511 508
511 509
511 510
511 511
511 512
511 513
511 514
511 515
511 516
511 517
511 518
512 192
512 193
512 194
512 195
512 196
512 197
512 198
512 222
512 223
512 224
512 225
512 226
512 227
512 228
512 229
512 506
512 507
512 508
512 509
512 510
512 511
512 512
512 513
512 514
512 515
513 192
513 193
513 194
513 195
513 196
513 197
513 198
513 222
513 223
513 224
513 225
513 226
513 227
513 228
513 229
513 230
513 506
513 507
513 508
513 509
513 510
513 511
513 512
513 513
513 514
513 515
514 194
514 195
514 196
514 197
514 198
514 222
514 223
514 224
514 225
514 226
514 227
514 228
514 229
514 230
514 506
514 507
514 508
514 509
514 510
514 511
514 512
514 513
514 514
515 195
515 196
515 197
515 198
515 222
515 223
515 224
515 225
515 226
515 227
515 228
515 229
515 230
515 506
515 507
515 508
515 509
515 510
515 511
515 512
515 513
515 514
516 197
516 198
516 222
516 223
516 224
516 225
516 226
516 227
516 228
516 229
516 230
516 506
516 507
516 508
516 509
516 510
516 511
516 512
516 513
516 514
517 222
517 223
517 224
517 225
517 226
517 227
517 228
517 229
517 506
517 507
517 508
517 509
517 510
517 511
517 512
517 513
517 514
518 222
518 223
518 224
518 225
518 226
518 227
518 228
518 506
518 507
518 508
518 509
518 510
518 511
518 512
518 513
519 222
519 223
519 224
519 225
519 226
519 227
519 228
519 506
519 507
519 508
519 512
520 221
520 222
520 223
520 224
521 211
521 212
521 213
521 217
521 218
521 219
521 220
521 495
521 496
522 211
522 212
522 213
522 214
522 215
522 216
522 217
522 218
522 219
522 220
522 495
522 496
522 497
522 498
522 499
522 500
522 501
522 502
523 211
523 212
523 213
523 214
523 215
523 216
523 217
523 218
523 219
523 242
523 243
523 495
523 496
523 497
523 498
523 499
523 500
523 501
523 502
524 211
524 212
524 213
524 214
524 215
524 216
524 217
524 218
524 219
524 242
524 243
524 244
524 245
524 495
524 496
524 497
524 498
524 499
524 500
524 501
524 502
524 503
524 504
525 211
525 212
525 213
525 214
525 215
525 216
525 217
525 218
525 219
525 242
525 243
525 244
525 245
525 246
525 495
525 496
525 497
525 498
525 499
525 500
525 501
525 502
525 503
525 504
526 211
526 212
526 213
526 214
526 215
526 216
526 217
526 218
526 219
526 242
526 243
526 244
526 245
526 246
526 247
526 495
526 496
526 497
526 498
526 499
526 500
526 501
526 502
526 503
526 504
527 211
527 212
527 213
527 214
527 215
527 216
527 217
527 218
527 219
527 242
527 243
527 244
527 245
527 246
527 247
527 248
527 495
527 496
527 497
527 498
527 499
527 500
527 501
527 502
527 503
527 504
528 212
528 213
528 214
528 215
528 216
528 217
528 218
528 219
528 220
528 242
528 243
528 244
528 245
528 246
528 247
528 248
528 249
528 250
528 495
528 496
528 497
528 498
528 499
528 500
528 501
528 502
528 503
528 504
529 213
529 214
529 215
529 216
529 217
529 218
529 242
529 243
529 244
529 245
529 246
529 247
529 248
529 249
529 495
529 496
529 497
529 498
529 499
529 500
529 501
529 502
529 503
530 214
530 215
530 216
530 217
530 245
530 246
530 247
530 248
530 495
530 496
530 497
530 498
530 499
530 500
530 501
530 502
531 217
531 240
531 241
531 245
531 246
531 494
531 495
532 217
532 232
532 233
532 234
532 235
532 236
532 237
532 238
532 239
532 240
532 241
532 484
532 485
532 486
532 487
532 488
532 489
532 490
532 491
532 492
532 493
533 232
533 233
533 234
533 235
533 236
533 237
533 238
533 239
533 240
533 241
533 484
533 485
533 486
533 487
533 488
533 489
533 490
533 491
533 492
533 493
534 232
534 233
534 234
534 235
534 236
534 237
534 238
534 239
534 240
534 241
534 484
534 485
534 486
534 487
534 488
534 489
534 490
534 491
534 492
534 493
535 232
535 233
535 234
535 235
535 236
535 237
535 238
535 239
535 240
535 241
535 484
535 485
535 486
535 487
535 488
535 489
535 490
535 491
535 492
535 493
536 232
536 233
536 234
536 235
536 236
536 237
536 238
536 239
536 240
536 241
536 485
536 486
536 487
536 488
536 489
536 490
536 491
536 492
536 493
537 232
537 233
537 234
537 235
537 236
537 237
537 238
537 239
537 240
537 241
537 485
537 486
537 487
537 488
537 489
537 490
537 491
537 492
537 493
538 232
538 233
538 234
538 235
538 236
538 237
538 238
538 239
538 485
538 486
538 487
538 488
538 489
538 490
538 491
538 492
538 493
539 232
539 233
539 234
539 235
539 236
539 237
539 238
539 239
539 264
539 485
539 486
539 487
539 488
539 489
539 490
539 491
539 492
539 493
540 232
540 233
540 234
540 235
540 236
540 237
540 238
540 264
540 265
540 266
540 485
540 486
540 487
540 488
540 489
540 490
540 491
541 231
541 232
541 233
541 234
541 235
541 236
541 237
541 238
541 484
542 229
542 230
542 231
542 232
542 256
542 257
542 258
542 259
542 260
542 261
542 475
543 230
543 253
543 254
543 255
543 256
543 257
543 258
543 259
543 260
543 261
543 474
543 475
543 476
543 477
543 478
543 479
543 480
543 481
543 482
544 253
544 254
544 255
544 256
544 257
544 258
544 259
544 260
544 261
544 474
544 475
544 476
544 477
544 478
544 479
544 480
544 481
544 482
545 253
545 254
545 255
545 256
545 257
545 258
545 259
545 260
545 261
545 474
545 475
545 476
545 477
545 478
545 479
545 480
545 481
545 482
546 253
546 254
546 255
546 256
546 257
546 258
546 259
546 260
546 261
546 474
546 475
546 476
546 477
546 478
546 479
546 480
546 481
546 482
547 253
547 254
547 255
547 256
547 257
547 258
547 259
547 260
547 261
547 262
547 474
547 475
547 476
547 477
547 478
547 479
547 480
547 481
547 482
548 238
548 253
548 254
548 255
548 256
548 257
548 258
548 259
548 260
548 261
548 262
548 474
548 475
548 476
548 477
548 478
548 479
548 480
548 481
548 482
549 253
549 254
549 255
549 256
549 257
549 258
549 259
549 260
549 261
549 474
549 475
549 476
549 477
549 478
549 479
549 480
549 481
549 482
550 253
550 254
550 255
550 256
550 257
550 258
550 259
550 260
550 474
550 475
550 476
550 477
550 478
550 479
550 480
550 481
551 259
551 473
551 474
551 475
551 476
551 477
551 478
551 479
551 480
552 243
552 472
552 476
553 244
553 245
553 246
553 247
553 248
553 249
553 250
553 274
553 275
553 276
553 277
553 278
553 279
553 280
553 281
553 282
553 466
553 467
553 468
553 469
553 470
553 471
553 472
553 495
554 245
554 246
554 247
554 248
554 249
554 250
554 274
554 275
554 276
554 277
554 278
554 279
554 280
554 281
554 282
554 465
554 466
554 467
554 468
554 469
554 470
554 471
554 472
554 495
555 246
555 247
555 248
555 249
555 250
555 274
555 275
555 276
555 277
555 278
555 279
555 280
555 281
555 282
555 464
555 465
555 466
555 467
555 468
555 469
555 470
555 471
555 472
555 495
556 248
556 249
556 250
556 274
556 275
556 276
556 277
556 278
556 279
556 280
556 281
556 282
556 464
556 465
556 466
556 467
556 468
556 469
556 470
556 471
556 472
557 249
557 250
557 274
557 275
557 276
557 277
557 278
557 279
557 280
557 281
557 282
557 464
557 465
557 466
557 467
557 468
557 469
557 470
557 471
557 472
558 274
558 275
558 276
558 277
558 278
558 279
558 280
558 281
558 282
558 464
558 465
558 466
558 467
558 468
558 469
558 470
558 471
558 472
559 274
559 275
559 276
559 277
559 278
559 279
559 280
559 281
559 282
559 283
559 464
559 465
559 466
559 467
559 468
559 469
559 470
559 471
559 472
560 274
560 275
560 276
560 277
560 278
560 279
560 280
560 281
560 282
560 464
560 465
560 466
560 467
560 468
560 469
560 470
560 471
561 274
561 275
561 276
561 280
561 281
561 464
561 465
561 466
561 467
561 468
561 469
563 269
563 270
563 271
564 263
564 264
564 265
564 266
564 267
564 268
564 269
564 270
564 271
564 295
564 296
564 297
564 298
564 299
564 300
564 301
564 457
564 458
564 459
564 460
564 485
564 486
564 487
565 263
565 264
565 265
565 266
565 267
565 268
565 269
565 270
565 271
565 295
565 296
565 297
565 298
565 299
565 300
565 301
565 302
565 303
565 457
565 458
565 459
565 460
565 485
565 486
565 487
566 263
566 264
566 265
566 266
566 267
566 268
566 269
566 270
566 271
566 272
566 295
566 296
566 297
566 298
566 299
566 300
566 301
566 302
566 303
566 456
566 457
566 458
566 459
566 460
566 485
566 486
567 263
567 264
567 265
567 266
567 267
567 268
567 269
567 270
567 271
567 272
567 295
567 296
567 297
567 298
567 299
567 300
567 301
567 302
567 303
567 455
567 456
567 457
567 458
567 459
567 460
567 485
568 264
568 265
568 266
568 267
568 268
568 269
568 270
568 271
568 272
568 295
568 296
568 297
568 298
568 299
568 300
568 301
568 302
568 303
568 304
568 454
568 455
568 456
568 457
568 458
568 459
568 460
568 461
568 462
569 265
569 266
569 267
569 268
569 269
569 270
569 271
569 272
569 295
569 296
569 297
569 298
569 299
569 300
569 301
569 302
569 303
569 453
569 454
569 455
569 456
569 457
569 458
569 459
569 460
569 461
569 462
569 463
569 464
569 465
570 267
570 268
570 269
570 270
570 271
570 272
570 295
570 296
570 297
570 298
570 299
570 300
570 301
570 302
570 303
570 453
570 454
570 455
570 456
570 457
570 458
570 459
570 460
570 461
571 268
571 269
571 270
571 271
571 295
571 296
571 297
571 298
571 299
571 300
571 301
571 302
571 453
571 454
571 455
571 456
571 457
571 458
571 459
571 460
572 294
572 295
572 296
572 297
572 298
572 299
572 300
572 301
572 453
572 454
572 455
572 456
572 457
572 458
572 459
573 452
573 453
574 285
574 286
574 287
574 288
574 289
574 290
574 291
574 292
574 293
574 316
574 317
574 449
574 450
574 451
574 474
574 475
574 476
574 477
574 478
574 479
575 285
575 286
575 287
575 288
575 289
575 290
575 291
575 292
575 293
575 316
575 317
575 449
575 450
575 474
575 475
575 476
575 477
575 478
575 479
576 285
576 286
576 287
576 288
576 289
576 290
576 291
576 292
576 293
576 316
576 317
576 318
576 319
576 320
576 448
576 449
576 450
576 474
576 475
576 476
576 477
577 285
577 286
577 287
577 288
577 289
577 290
577 291
577 292
577 293
577 316
577 317
577 318
577 319
577 320
577 321
577 447
577 448
577 449
577 450
577 474
577 475
577 476
577 477
578 285
578 286
578 287
578 288
578 289
578 290
578 291
578 292
578 316
578 317
578 318
578 319
578 320
578 321
578 322
578 323
578 446
578 447
578 448
578 449
578 450
578 474
578 475
578 476
579 285
579 286
579 287
579 288
579 289
579 290
579 291
579 292
579 316
579 317
579 318
579 319
579 320
579 321
579 322
579 323
579 324
579 446
579 447
579 448
579 449
579 450
579 474
579 475
580 284
580 285
580 286
580 287
580 288
580 289
580 290
580 291
580 292
580 316
580 317
580 318
580 319
580 320
580 321
580 322
580 323
580 324
580 445
580 446
580 447
580 448
580 449
580 450
580 474
580 475
581 284
581 285
581 286
581 287
581 288
581 289
581 290
581 291
581 316
581 317
581 318
581 319
581 320
581 321
581 322
581 323
581 444
581 445
581 446
581 447
581 448
581 449
581 450
581 474
582 286
582 287
582 288
582 289
582 290
582 291
582 316
582 317
582 318
582 319
582 320
582 321
582 322
582 443
582 444
582 449
583 287
583 288
583 315
583 316
583 317
583 318
583 319
583 442
584 305
584 306
584 307
584 308
584 309
584 310
584 311
584 312
584 313
584 463
584 464
584 465
584 466
584 467
585 305
585 306
585 307
585 308
585 309
585 310
585 311
585 312
585 313
585 441
585 463
585 464
585 465
585 466
585 467
585 468
585 469
585 470
585 471
586 305
586 306
586 307
586 308
586 309
586 310
586 311
586 312
586 313
586 440
586 441
586 463
586 464
586 465
586 466
586 467
586 468
586 469
586 470
587 305
587 306
587 307
587 308
587 309
587 310
587 311
587 312
587 313
587 440
587 441
587 463
587 464
587 465
587 466
587 467
587 468
587 469
588 305
588 306
588 307
588 308
588 309
588 310
588 311
588 312
588 313
588 337
588 438
588 439
588 440
588 441
588 463
588 464
588 465
588 466
588 467
588 468
589 305
589 306
589 307
589 308
589 309
589 310
589 311
589 312
589 313
589 337
589 338
589 339
589 438
589 439
589 440
589 441
589 442
589 463
589 464
589 465
589 466
589 467
590 305
590 306
590 307
590 308
590 309
590 310
590 311
590 312
590 313
590 337
590 338
590 339
590 340
590 341
590 437
590 438
590 439
590 440
590 441
590 442
590 463
590 464
590 465
590 466
590 467
591 305
591 306
591 307
591 308
591 309
591 310
591 311
591 312
591 313
591 337
591 338
591 339
591 340
591 341
591 342
591 436
591 437
591 438
591 439
591 440
591 441
591 442
591 463
591 464
591 465
591 466
592 305
592 306
592 307
592 308
592 309
592 310
592 311
592 312
592 337
592 338
592 339
592 340
592 341
592 342
592 343
592 435
592 436
592 437
592 438
592 439
592 440
592 463
592 464
592 465
593 305
593 306
593 307
593 308
593 309
593 310
593 311
593 337
593 338
593 339
593 340
593 341
593 342
593 343
593 435
593 436
593 437
593 438
593 463
593 464
594 304
594 336
594 340
594 341
594 342
594 463
595 327
595 328
595 329
595 330
595 331
595 332
595 333
595 334
595 335
595 336
595 453
595 454
595 455
595 456
595 457
595 458
595 459
595 460
595 461
596 327
596 328
596 329
596 330
596 331
596 332
596 333
596 334
596 453
596 454
596 455
596 456
596 457
596 458
596 459
596 460
596 461
597 327
597 328
597 329
597 330
597 331
597 332
597 333
597 334
597 453
597 454
597 455
597 456
597 457
597 458
597 459
597 460
597 461
598 327
598 328
598 329
598 330
598 331
598 332
598 333
598 334
598 453
598 454
598 455
598 456
598 457
598 458
598 459
598 460
599 327
599 328
599 329
599 330
599 331
599 332
599 333
599 334
599 335
599 453
599 454
599 455
599 456
599 457
599 458
599 459
599 460
600 327
600 328
600 329
600 330
600 331
600 332
600 333
600 334
600 335
600 429
600 453
600 454
600 455
600 456
600 457
600 458
600 459
601 327
601 328
601 329
601 330
601 331
601 332
601 333
601 334
601 335
601 428
601 429
601 453
601 454
601 455
601 456
601 457
601 458
602 327
602 328
602 329
602 330
602 331
602 332
602 333
602 334
602 428
602 429
602 453
602 454
602 455
602 456
602 457
603 327
603 328
603 329
603 330
603 331
603 332
603 333
603 334
603 427
603 428
603 453
603 454
603 455
603 456
603 457
604 330
604 331
604 427
604 455
604 456
605 322
605 323
605 324
605 347
605 348
605 349
605 350
605 442
605 443
605 444
605 445
605 446
605 451
606 322
606 323
606 324
606 348
606 349
606 350
606 351
606 352
606 353
606 354
606 355
606 442
606 443
606 444
606 445
606 446
606 447
606 448
606 449
606 450
607 323
607 324
607 348
607 349
607 350
607 351
607 352
607 353
607 354
607 355
607 443
607 444
607 445
607 446
607 447
607 448
607 449
607 450
608 325
608 348
608 349
608 350
608 351
608 352
608 353
608 354
608 355
608 443
608 444
608 445
608 446
608 447
608 448
608 449
608 450
609 348
609 349
609 350
609 351
609 352
609 353
609 354
609 355
609 443
609 444
609 445
609 446
609 447
609 448
609 449
609 450
609 451
610 348
610 349
610 350
610 351
610 352
610 353
610 354
610 443
610 444
610 445
610 446
610 447
610 448
610 449
610 450
610 451
611 348
611 349
611 350
611 351
611 352
611 353
611 354
611 443
611 444
611 445
611 446
611 447
611 448
611 449
611 450
612 348
612 349
612 350
612 351
612 352
612 353
612 419
612 442
612 443
612 444
612 445
612 446
612 447
612 448
612 449
613 348
613 349
613 350
613 351
613 352
613 353
613 442
613 443
613 444
613 445
613 446
613 447
613 448
613 449
614 349
614 350
614 351
614 442
614 443
614 444
614 445
615 442
616 341
616 342
616 343
616 344
616 345
616 432
616 433
616 434
616 435
616 436
616 437
616 438
616 439
616 440
616 441
616 442
617 432
617 433
617 434
617 435
617 436
617 437
617 438
617 439
617 440
617 441
618 432
618 433
618 434
618 435
618 436
618 437
618 438
618 439
618 440
618 441
619 432
619 433
619 434
619 435
619 436
619 437
619 438
619 439
619 440
619 441
620 432
620 433
620 434
620 435
620 436
620 437
620 438
620 439
620 440
620 441
620 442
621 432
621 433
621 434
621 435
621 436
621 437
621 438
621 439
621 440
621 441
622 432
622 433
622 434
622 435
622 436
622 437
622 438
622 439
622 440
622 441
623 432
623 433
623 434
623 435
623 436
623 437
623 438
623 439
623 440
623 441
624 431
624 432
624 433
624 434
624 435
626 422
626 423
626 424
626 425
626 426
626 427
626 428
626 429
626 430
627 422
627 423
627 424
627 425
627 426
627 427
627 428
627 429
627 430
628 422
628 423
628 424
628 425
628 426
628 427
628 428
628 429
628 430
629 422
629 423
629 424
629 425
629 426
629 427
629 428
629 429
630 422
630 423
630 424
630 425
630 426
630 427
630 428
630 429
631 422
631 423
631 424
631 425
631 426
631 427
631 428
631 429
632 422
632 423
632 424
632 425
632 426
632 427
632 428
632 429
633 422
633 423
633 424
633 425
633 426
633 427
633 428
633 429
634 422
634 423
634 424
634 425
634 426
634 427
634 428
634 429
635 421
635 422
635 423
635 424
635 425
635 426
635 427
635 428
636 426
636 427
637 411
637 412
637 413
637 414
637 415
637 416
637 417
637 418
637 419
637 420
638 411
638 412
638 413
638 414
638 415
638 416
638 417
638 418
638 419
638 420
639 411
639 412
639 413
639 414
639 415
639 416
639 417
639 418
639 419
639 420
640 411
640 412
640 413
640 414
640 415
640 416
640 417
640 418
640 419
640 420
641 411
641 412
641 413
641 414
641 415
641 416
641 417
641 418
641 419
641 420
642 411
642 412
642 413
642 414
642 415
642 416
642 417
642 418
642 419
643 411
643 412
643 413
643 414
643 415
643 416
643 417
643 418
643 419
644 411
644 412
644 413
644 414
644 415
644 416
644 417
644 418
644 419
645 411
645 412
645 413
645 414
645 415
645 416
645 417
646 415
646 416
647 400
647 401
647 402
647 403
647 404
647 405
648 400
648 401
648 402
648 403
648 404
648 405
648 406
648 407
648 408
649 400
649 401
649 402
649 403
649 404
649 405
649 406
649 407
649 408
650 373
650 374
650 375
650 376
650 400
650 401
650 402
650 403
650 404
650 405
650 406
650 407
650 408
650 409
651 370
651 371
651 372
651 373
651 374
651 375
651 376
651 400
651 401
651 402
651 403
651 404
651 405
651 406
651 407
651 408
651 409
652 369
652 370
652 371
652 372
652 373
652 374
652 375
652 376
652 400
652 401
652 402
652 403
652 404
652 405
652 406
652 407
652 408
652 409
653 369
653 370
653 371
653 372
653 373
653 374
653 375
653 376
653 400
653 401
653 402
653 403
653 404
653 405
653 406
653 407
653 408
653 409
654 369
654 370
654 371
654 372
654 373
654 374
654 375
654 376
654 400
654 401
654 402
654 403
654 404
654 405
654 406
654 407
654 408
655 369
655 370
655 371
655 372
655 373
655 374
655 375
655 400
655 401
655 402
655 403
655 404
655 405
655 406
655 407
656 368
656 369
656 370
656 374
656 375
656 406
657 367
657 368
657 398
658 358
658 359
658 360
658 361
658 362
658 363
658 364
658 365
658 366
658 367
658 368
658 390
658 391
658 392
658 393
658 394
658 395
658 396
658 397
658 398
659 358
659 359
659 360
659 361
659 362
659 363
659 364
659 365
659 366
659 367
659 368
659 390
659 391
659 392
659 393
659 394
659 395
659 396
659 397
659 398
660 358
660 359
660 360
660 361
660 362
660 363
660 364
660 365
660 366
660 367
660 368
660 390
660 391
660 392
660 393
660 394
660 395
660 396
660 397
660 398
661 358
661 359
661 360
661 361
661 362
661 363
661 364
661 365
661 366
661 367
661 390
661 391
661 392
661 393
661 394
661 395
661 396
661 397
662 358
662 359
662 360
662 361
662 362
662 363
662 364
662 365
662 366
662 390
662 391
662 392
662 393
662 394
662 395
662 396
662 397
663 358
663 359
663 360
663 361
663 362
663 363
663 364
663 365
663 366
663 390
663 391
663 392
663 393
663 394
663 395
663 396
663 397
664 358
664 359
664 360
664 361
664 362
664 363
664 364
664 365
664 366
664 390
664 391
664 392
664 393
664 394
664 395
664 396
664 397
665 358
665 359
665 360
665 361
665 362
665 363
665 364
665 365
665 390
665 391
665 392
665 393
665 394
665 395
665 396
665 397
666 358
666 359
666 360
666 361
666 362
666 363
666 364
666 390
666 391
666 392
666 393
666 394
666 395
666 396
667 392
667 393
667 394
667 395
667 396
668 379
668 380
668 381
668 395
669 379
669 380
669 381
669 382
669 383
669 384
669 385
669 386
669 387
669 388
670 379
670 380
670 381
670 382
670 383
670 384
670 385
670 386
670 387
670 388
671 379
671 380
671 381
671 382
671 383
671 384
671 385
671 386
671 387
671 388
672 379
672 380
672 381
672 382
672 383
672 384
672 385
672 386
672 387
673 379
673 380
673 381
673 382
673 383
673 384
673 385
